gm1 = 296;
gm2=478;
gm3= 1.23e-3;
gmf = gm3;
Cc1 = 30e-12;
ro1 = 1/((1e-5)*0.01);
ro2=ro1;
ro3=ro1;
w_p1 = 1/(ro1*gm2*ro2*gm3*ro3*Cc1);

fp1= w_p1/(2*pi)
